{
 "cells": [
  {
   "cell_type": "code",
   "execution_count": 3,
   "metadata": {},
   "outputs": [],
   "source": [
    "import os\n",
    "import sys\n",
    "import datetime\n",
    "import math\n",
    "import pandas as pd\n",
    "import numpy as np\n",
    "import quant_utils.data_moudle as dm\n",
    "from quant_utils.constant import DB_CONN_JJTG_DATA\n",
    "from quant_utils.performance import Performance"
   ]
  },
  {
   "cell_type": "code",
   "execution_count": 85,
   "metadata": {},
   "outputs": [],
   "source": [
    "query_sql = \"\"\"\n",
    "SELECT\n",
    "\ta.END_DATE,\n",
    "\ta.INDEX_CODE,\n",
    "\ta.LEVEL_NUM,\n",
    "\ta.TYPE_NAME,\n",
    "\ta.RETURN_RATE / 100 AS RETURN_RATE \n",
    "FROM\n",
    "\tfund_derivatives_inner_fund_ret a\n",
    "\n",
    "WHERE\n",
    "\t1 = 1 \n",
    "\tAND a.LEVEL_NUM = 3 \n",
    "\tAND a.TYPE_NAME IN (\n",
    "'主动权益-A股主题-无主题',\n",
    "'主动权益-港股主题-无主题',\n",
    "'固收-中长债-信用债',\n",
    "'固收-中长债-利率债',\n",
    "'固收-中长债-券种均衡',\n",
    "'固收-短债-中短债',\n",
    "'固收-短债-短债',\n",
    "'固收-短债-超短债'\n",
    ") \n",
    "and END_DATE >= '20211231'\n",
    "\"\"\"\n",
    "ret_df = DB_CONN_JJTG_DATA.exec_query(query_sql)"
   ]
  },
  {
   "cell_type": "code",
   "execution_count": 87,
   "metadata": {},
   "outputs": [],
   "source": [
    "ret_df = ret_df.pivot_table(index=\"END_DATE\", columns=\"TYPE_NAME\", values=\"RETURN_RATE\")\n",
    "ret_df = ret_df.dropna(axis=0, how=\"all\")"
   ]
  },
  {
   "cell_type": "code",
   "execution_count": 88,
   "metadata": {},
   "outputs": [
    {
     "data": {
      "text/html": [
       "<div>\n",
       "<style scoped>\n",
       "    .dataframe tbody tr th:only-of-type {\n",
       "        vertical-align: middle;\n",
       "    }\n",
       "\n",
       "    .dataframe tbody tr th {\n",
       "        vertical-align: top;\n",
       "    }\n",
       "\n",
       "    .dataframe thead th {\n",
       "        text-align: right;\n",
       "    }\n",
       "</style>\n",
       "<table border=\"1\" class=\"dataframe\">\n",
       "  <thead>\n",
       "    <tr style=\"text-align: right;\">\n",
       "      <th>TYPE_NAME</th>\n",
       "      <th>主动权益-A股主题-无主题</th>\n",
       "      <th>主动权益-港股主题-无主题</th>\n",
       "      <th>固收-中长债-信用债</th>\n",
       "      <th>固收-中长债-利率债</th>\n",
       "      <th>固收-中长债-券种均衡</th>\n",
       "      <th>固收-短债-中短债</th>\n",
       "      <th>固收-短债-短债</th>\n",
       "      <th>固收-短债-超短债</th>\n",
       "    </tr>\n",
       "    <tr>\n",
       "      <th>TYPE_NAME</th>\n",
       "      <th></th>\n",
       "      <th></th>\n",
       "      <th></th>\n",
       "      <th></th>\n",
       "      <th></th>\n",
       "      <th></th>\n",
       "      <th></th>\n",
       "      <th></th>\n",
       "    </tr>\n",
       "  </thead>\n",
       "  <tbody>\n",
       "    <tr>\n",
       "      <th>主动权益-A股主题-无主题</th>\n",
       "      <td>1.000000</td>\n",
       "      <td>0.706871</td>\n",
       "      <td>-0.057749</td>\n",
       "      <td>-0.085354</td>\n",
       "      <td>-0.077553</td>\n",
       "      <td>-0.057729</td>\n",
       "      <td>-0.072928</td>\n",
       "      <td>-0.046584</td>\n",
       "    </tr>\n",
       "    <tr>\n",
       "      <th>主动权益-港股主题-无主题</th>\n",
       "      <td>0.706871</td>\n",
       "      <td>1.000000</td>\n",
       "      <td>-0.147588</td>\n",
       "      <td>-0.153978</td>\n",
       "      <td>-0.157936</td>\n",
       "      <td>-0.136451</td>\n",
       "      <td>-0.142918</td>\n",
       "      <td>-0.117557</td>\n",
       "    </tr>\n",
       "    <tr>\n",
       "      <th>固收-中长债-信用债</th>\n",
       "      <td>-0.057749</td>\n",
       "      <td>-0.147588</td>\n",
       "      <td>1.000000</td>\n",
       "      <td>0.830578</td>\n",
       "      <td>0.932029</td>\n",
       "      <td>0.966751</td>\n",
       "      <td>0.919928</td>\n",
       "      <td>0.845024</td>\n",
       "    </tr>\n",
       "    <tr>\n",
       "      <th>固收-中长债-利率债</th>\n",
       "      <td>-0.085354</td>\n",
       "      <td>-0.153978</td>\n",
       "      <td>0.830578</td>\n",
       "      <td>1.000000</td>\n",
       "      <td>0.967042</td>\n",
       "      <td>0.769150</td>\n",
       "      <td>0.722035</td>\n",
       "      <td>0.582011</td>\n",
       "    </tr>\n",
       "    <tr>\n",
       "      <th>固收-中长债-券种均衡</th>\n",
       "      <td>-0.077553</td>\n",
       "      <td>-0.157936</td>\n",
       "      <td>0.932029</td>\n",
       "      <td>0.967042</td>\n",
       "      <td>1.000000</td>\n",
       "      <td>0.875904</td>\n",
       "      <td>0.827477</td>\n",
       "      <td>0.703717</td>\n",
       "    </tr>\n",
       "    <tr>\n",
       "      <th>固收-短债-中短债</th>\n",
       "      <td>-0.057729</td>\n",
       "      <td>-0.136451</td>\n",
       "      <td>0.966751</td>\n",
       "      <td>0.769150</td>\n",
       "      <td>0.875904</td>\n",
       "      <td>1.000000</td>\n",
       "      <td>0.972417</td>\n",
       "      <td>0.921797</td>\n",
       "    </tr>\n",
       "    <tr>\n",
       "      <th>固收-短债-短债</th>\n",
       "      <td>-0.072928</td>\n",
       "      <td>-0.142918</td>\n",
       "      <td>0.919928</td>\n",
       "      <td>0.722035</td>\n",
       "      <td>0.827477</td>\n",
       "      <td>0.972417</td>\n",
       "      <td>1.000000</td>\n",
       "      <td>0.946031</td>\n",
       "    </tr>\n",
       "    <tr>\n",
       "      <th>固收-短债-超短债</th>\n",
       "      <td>-0.046584</td>\n",
       "      <td>-0.117557</td>\n",
       "      <td>0.845024</td>\n",
       "      <td>0.582011</td>\n",
       "      <td>0.703717</td>\n",
       "      <td>0.921797</td>\n",
       "      <td>0.946031</td>\n",
       "      <td>1.000000</td>\n",
       "    </tr>\n",
       "  </tbody>\n",
       "</table>\n",
       "</div>"
      ],
      "text/plain": [
       "TYPE_NAME      主动权益-A股主题-无主题  主动权益-港股主题-无主题  固收-中长债-信用债  固收-中长债-利率债  \\\n",
       "TYPE_NAME                                                             \n",
       "主动权益-A股主题-无主题       1.000000       0.706871   -0.057749   -0.085354   \n",
       "主动权益-港股主题-无主题       0.706871       1.000000   -0.147588   -0.153978   \n",
       "固收-中长债-信用债         -0.057749      -0.147588    1.000000    0.830578   \n",
       "固收-中长债-利率债         -0.085354      -0.153978    0.830578    1.000000   \n",
       "固收-中长债-券种均衡        -0.077553      -0.157936    0.932029    0.967042   \n",
       "固收-短债-中短债          -0.057729      -0.136451    0.966751    0.769150   \n",
       "固收-短债-短债           -0.072928      -0.142918    0.919928    0.722035   \n",
       "固收-短债-超短债          -0.046584      -0.117557    0.845024    0.582011   \n",
       "\n",
       "TYPE_NAME      固收-中长债-券种均衡  固收-短债-中短债  固收-短债-短债  固收-短债-超短债  \n",
       "TYPE_NAME                                                   \n",
       "主动权益-A股主题-无主题    -0.077553  -0.057729 -0.072928  -0.046584  \n",
       "主动权益-港股主题-无主题    -0.157936  -0.136451 -0.142918  -0.117557  \n",
       "固收-中长债-信用债        0.932029   0.966751  0.919928   0.845024  \n",
       "固收-中长债-利率债        0.967042   0.769150  0.722035   0.582011  \n",
       "固收-中长债-券种均衡       1.000000   0.875904  0.827477   0.703717  \n",
       "固收-短债-中短债         0.875904   1.000000  0.972417   0.921797  \n",
       "固收-短债-短债          0.827477   0.972417  1.000000   0.946031  \n",
       "固收-短债-超短债         0.703717   0.921797  0.946031   1.000000  "
      ]
     },
     "execution_count": 88,
     "metadata": {},
     "output_type": "execute_result"
    }
   ],
   "source": [
    "ret_df.corr()"
   ]
  },
  {
   "cell_type": "code",
   "execution_count": 80,
   "metadata": {},
   "outputs": [
    {
     "data": {
      "text/plain": [
       "END_DATE\n",
       "2012-11-02    0.000000\n",
       "2012-11-09    0.000988\n",
       "2012-11-16    0.000987\n",
       "2012-11-23    0.000986\n",
       "2012-11-30    0.000000\n",
       "                ...   \n",
       "2023-07-31    0.000088\n",
       "2023-08-01    0.000096\n",
       "2023-08-02    0.000160\n",
       "2023-08-03    0.000188\n",
       "2023-08-04    0.000183\n",
       "Name: 固收-短债-短债, Length: 2571, dtype: float64"
      ]
     },
     "execution_count": 80,
     "metadata": {},
     "output_type": "execute_result"
    }
   ],
   "source": [
    "ret_df[\"固收-短债-短债\"].dropna()"
   ]
  },
  {
   "cell_type": "markdown",
   "metadata": {},
   "source": [
    "计算风格相关性"
   ]
  },
  {
   "cell_type": "code",
   "execution_count": 90,
   "metadata": {},
   "outputs": [],
   "source": [
    "query_sql = \"\"\"\n",
    "SELECT\n",
    "\ta.TRADE_DT,\n",
    "\tb.S_INFO_NAME,\n",
    "\ta.S_DQ_PCTCHANGE / 100 as RETURN_RATE\n",
    "FROM\n",
    "\taindex_eod_prices a \n",
    "\tjoin aindex_description b on a.S_INFO_WINDCODE = b.S_INFO_WINDCODE\n",
    "WHERE\n",
    "\t1 = 1 \n",
    "\tAND b.TICKER_SYMBOL IN (\n",
    "\t\t'399372',\n",
    "\t\t'399373',\n",
    "\t\t'399374',\n",
    "\t\t'399375',\n",
    "\t'399376',\n",
    "\t'399377') \n",
    "    and TRADE_DT >= '20211231'\n",
    "    UNION SELECT\n",
    "\ta.END_DATE as TRADE_DT,\n",
    "\ta.TYPE_NAME as S_INFO_NAME,\n",
    "\ta.RETURN_RATE / 100 AS RETURN_RATE \n",
    "FROM\n",
    "\tfund_derivatives_inner_fund_ret a\n",
    "WHERE\n",
    "\t1 = 1 \n",
    "\tAND a.LEVEL_NUM = 3 \n",
    "\tAND a.TYPE_NAME IN ( \n",
    "'固收-中长债-信用债',\n",
    "'固收-中长债-利率债',\n",
    "'固收-短债-中短债',\n",
    "'固收-短债-短债',\n",
    "'固收-短债-超短债'\n",
    ")\n",
    "and END_DATE >= '20211231'\n",
    "\"\"\"\n",
    "ret_df = DB_CONN_JJTG_DATA.exec_query(query_sql)\n",
    "ret_df = ret_df.pivot_table(index=\"TRADE_DT\", columns='S_INFO_NAME', values=\"RETURN_RATE\")"
   ]
  },
  {
   "cell_type": "code",
   "execution_count": 92,
   "metadata": {},
   "outputs": [
    {
     "data": {
      "text/html": [
       "<div>\n",
       "<style scoped>\n",
       "    .dataframe tbody tr th:only-of-type {\n",
       "        vertical-align: middle;\n",
       "    }\n",
       "\n",
       "    .dataframe tbody tr th {\n",
       "        vertical-align: top;\n",
       "    }\n",
       "\n",
       "    .dataframe thead th {\n",
       "        text-align: right;\n",
       "    }\n",
       "</style>\n",
       "<table border=\"1\" class=\"dataframe\">\n",
       "  <thead>\n",
       "    <tr style=\"text-align: right;\">\n",
       "      <th>S_INFO_NAME</th>\n",
       "      <th>中盘价值</th>\n",
       "      <th>中盘成长</th>\n",
       "      <th>固收-中长债-信用债</th>\n",
       "      <th>固收-中长债-利率债</th>\n",
       "      <th>固收-短债-中短债</th>\n",
       "      <th>固收-短债-短债</th>\n",
       "      <th>固收-短债-超短债</th>\n",
       "      <th>大盘价值</th>\n",
       "      <th>大盘成长</th>\n",
       "      <th>小盘价值</th>\n",
       "      <th>小盘成长</th>\n",
       "    </tr>\n",
       "    <tr>\n",
       "      <th>S_INFO_NAME</th>\n",
       "      <th></th>\n",
       "      <th></th>\n",
       "      <th></th>\n",
       "      <th></th>\n",
       "      <th></th>\n",
       "      <th></th>\n",
       "      <th></th>\n",
       "      <th></th>\n",
       "      <th></th>\n",
       "      <th></th>\n",
       "      <th></th>\n",
       "    </tr>\n",
       "  </thead>\n",
       "  <tbody>\n",
       "    <tr>\n",
       "      <th>中盘价值</th>\n",
       "      <td>1.000000</td>\n",
       "      <td>0.736492</td>\n",
       "      <td>-0.068401</td>\n",
       "      <td>-0.098719</td>\n",
       "      <td>-0.059040</td>\n",
       "      <td>-0.068596</td>\n",
       "      <td>-0.029403</td>\n",
       "      <td>0.795808</td>\n",
       "      <td>0.668842</td>\n",
       "      <td>0.945200</td>\n",
       "      <td>0.798399</td>\n",
       "    </tr>\n",
       "    <tr>\n",
       "      <th>中盘成长</th>\n",
       "      <td>0.736492</td>\n",
       "      <td>1.000000</td>\n",
       "      <td>-0.076599</td>\n",
       "      <td>-0.097113</td>\n",
       "      <td>-0.070439</td>\n",
       "      <td>-0.078481</td>\n",
       "      <td>-0.051405</td>\n",
       "      <td>0.442216</td>\n",
       "      <td>0.910578</td>\n",
       "      <td>0.731300</td>\n",
       "      <td>0.926249</td>\n",
       "    </tr>\n",
       "    <tr>\n",
       "      <th>固收-中长债-信用债</th>\n",
       "      <td>-0.068401</td>\n",
       "      <td>-0.076599</td>\n",
       "      <td>1.000000</td>\n",
       "      <td>0.830578</td>\n",
       "      <td>0.966751</td>\n",
       "      <td>0.919928</td>\n",
       "      <td>0.845024</td>\n",
       "      <td>-0.110561</td>\n",
       "      <td>-0.141406</td>\n",
       "      <td>-0.034126</td>\n",
       "      <td>-0.023602</td>\n",
       "    </tr>\n",
       "    <tr>\n",
       "      <th>固收-中长债-利率债</th>\n",
       "      <td>-0.098719</td>\n",
       "      <td>-0.097113</td>\n",
       "      <td>0.830578</td>\n",
       "      <td>1.000000</td>\n",
       "      <td>0.769150</td>\n",
       "      <td>0.722035</td>\n",
       "      <td>0.582011</td>\n",
       "      <td>-0.137773</td>\n",
       "      <td>-0.156336</td>\n",
       "      <td>-0.059615</td>\n",
       "      <td>-0.058806</td>\n",
       "    </tr>\n",
       "    <tr>\n",
       "      <th>固收-短债-中短债</th>\n",
       "      <td>-0.059040</td>\n",
       "      <td>-0.070439</td>\n",
       "      <td>0.966751</td>\n",
       "      <td>0.769150</td>\n",
       "      <td>1.000000</td>\n",
       "      <td>0.972417</td>\n",
       "      <td>0.921797</td>\n",
       "      <td>-0.094275</td>\n",
       "      <td>-0.136253</td>\n",
       "      <td>-0.026808</td>\n",
       "      <td>-0.021841</td>\n",
       "    </tr>\n",
       "    <tr>\n",
       "      <th>固收-短债-短债</th>\n",
       "      <td>-0.068596</td>\n",
       "      <td>-0.078481</td>\n",
       "      <td>0.919928</td>\n",
       "      <td>0.722035</td>\n",
       "      <td>0.972417</td>\n",
       "      <td>1.000000</td>\n",
       "      <td>0.946031</td>\n",
       "      <td>-0.104878</td>\n",
       "      <td>-0.152563</td>\n",
       "      <td>-0.036991</td>\n",
       "      <td>-0.029002</td>\n",
       "    </tr>\n",
       "    <tr>\n",
       "      <th>固收-短债-超短债</th>\n",
       "      <td>-0.029403</td>\n",
       "      <td>-0.051405</td>\n",
       "      <td>0.845024</td>\n",
       "      <td>0.582011</td>\n",
       "      <td>0.921797</td>\n",
       "      <td>0.946031</td>\n",
       "      <td>1.000000</td>\n",
       "      <td>-0.056506</td>\n",
       "      <td>-0.115412</td>\n",
       "      <td>-0.007773</td>\n",
       "      <td>-0.006540</td>\n",
       "    </tr>\n",
       "    <tr>\n",
       "      <th>大盘价值</th>\n",
       "      <td>0.795808</td>\n",
       "      <td>0.442216</td>\n",
       "      <td>-0.110561</td>\n",
       "      <td>-0.137773</td>\n",
       "      <td>-0.094275</td>\n",
       "      <td>-0.104878</td>\n",
       "      <td>-0.056506</td>\n",
       "      <td>1.000000</td>\n",
       "      <td>0.503211</td>\n",
       "      <td>0.724402</td>\n",
       "      <td>0.453774</td>\n",
       "    </tr>\n",
       "    <tr>\n",
       "      <th>大盘成长</th>\n",
       "      <td>0.668842</td>\n",
       "      <td>0.910578</td>\n",
       "      <td>-0.141406</td>\n",
       "      <td>-0.156336</td>\n",
       "      <td>-0.136253</td>\n",
       "      <td>-0.152563</td>\n",
       "      <td>-0.115412</td>\n",
       "      <td>0.503211</td>\n",
       "      <td>1.000000</td>\n",
       "      <td>0.639552</td>\n",
       "      <td>0.802519</td>\n",
       "    </tr>\n",
       "    <tr>\n",
       "      <th>小盘价值</th>\n",
       "      <td>0.945200</td>\n",
       "      <td>0.731300</td>\n",
       "      <td>-0.034126</td>\n",
       "      <td>-0.059615</td>\n",
       "      <td>-0.026808</td>\n",
       "      <td>-0.036991</td>\n",
       "      <td>-0.007773</td>\n",
       "      <td>0.724402</td>\n",
       "      <td>0.639552</td>\n",
       "      <td>1.000000</td>\n",
       "      <td>0.838537</td>\n",
       "    </tr>\n",
       "    <tr>\n",
       "      <th>小盘成长</th>\n",
       "      <td>0.798399</td>\n",
       "      <td>0.926249</td>\n",
       "      <td>-0.023602</td>\n",
       "      <td>-0.058806</td>\n",
       "      <td>-0.021841</td>\n",
       "      <td>-0.029002</td>\n",
       "      <td>-0.006540</td>\n",
       "      <td>0.453774</td>\n",
       "      <td>0.802519</td>\n",
       "      <td>0.838537</td>\n",
       "      <td>1.000000</td>\n",
       "    </tr>\n",
       "  </tbody>\n",
       "</table>\n",
       "</div>"
      ],
      "text/plain": [
       "S_INFO_NAME      中盘价值      中盘成长  固收-中长债-信用债  固收-中长债-利率债  固收-短债-中短债  固收-短债-短债  \\\n",
       "S_INFO_NAME                                                                    \n",
       "中盘价值         1.000000  0.736492   -0.068401   -0.098719  -0.059040 -0.068596   \n",
       "中盘成长         0.736492  1.000000   -0.076599   -0.097113  -0.070439 -0.078481   \n",
       "固收-中长债-信用债  -0.068401 -0.076599    1.000000    0.830578   0.966751  0.919928   \n",
       "固收-中长债-利率债  -0.098719 -0.097113    0.830578    1.000000   0.769150  0.722035   \n",
       "固收-短债-中短债   -0.059040 -0.070439    0.966751    0.769150   1.000000  0.972417   \n",
       "固收-短债-短债    -0.068596 -0.078481    0.919928    0.722035   0.972417  1.000000   \n",
       "固收-短债-超短债   -0.029403 -0.051405    0.845024    0.582011   0.921797  0.946031   \n",
       "大盘价值         0.795808  0.442216   -0.110561   -0.137773  -0.094275 -0.104878   \n",
       "大盘成长         0.668842  0.910578   -0.141406   -0.156336  -0.136253 -0.152563   \n",
       "小盘价值         0.945200  0.731300   -0.034126   -0.059615  -0.026808 -0.036991   \n",
       "小盘成长         0.798399  0.926249   -0.023602   -0.058806  -0.021841 -0.029002   \n",
       "\n",
       "S_INFO_NAME  固收-短债-超短债      大盘价值      大盘成长      小盘价值      小盘成长  \n",
       "S_INFO_NAME                                                     \n",
       "中盘价值         -0.029403  0.795808  0.668842  0.945200  0.798399  \n",
       "中盘成长         -0.051405  0.442216  0.910578  0.731300  0.926249  \n",
       "固收-中长债-信用债    0.845024 -0.110561 -0.141406 -0.034126 -0.023602  \n",
       "固收-中长债-利率债    0.582011 -0.137773 -0.156336 -0.059615 -0.058806  \n",
       "固收-短债-中短债     0.921797 -0.094275 -0.136253 -0.026808 -0.021841  \n",
       "固收-短债-短债      0.946031 -0.104878 -0.152563 -0.036991 -0.029002  \n",
       "固收-短债-超短债     1.000000 -0.056506 -0.115412 -0.007773 -0.006540  \n",
       "大盘价值         -0.056506  1.000000  0.503211  0.724402  0.453774  \n",
       "大盘成长         -0.115412  0.503211  1.000000  0.639552  0.802519  \n",
       "小盘价值         -0.007773  0.724402  0.639552  1.000000  0.838537  \n",
       "小盘成长         -0.006540  0.453774  0.802519  0.838537  1.000000  "
      ]
     },
     "execution_count": 92,
     "metadata": {},
     "output_type": "execute_result"
    }
   ],
   "source": [
    "ret_df.corr()"
   ]
  },
  {
   "cell_type": "markdown",
   "metadata": {},
   "source": [
    "风格及券种久期"
   ]
  },
  {
   "cell_type": "code",
   "execution_count": 93,
   "metadata": {},
   "outputs": [],
   "source": [
    "query_sql = \"\"\"\n",
    "SELECT\n",
    "\ta.TRADE_DT,\n",
    "\tb.S_INFO_NAME,\n",
    "\ta.S_DQ_PCTCHANGE / 100 AS RETURN_RATE \n",
    "FROM\n",
    "\taindex_eod_prices a\n",
    "\tJOIN aindex_description b ON a.S_INFO_WINDCODE = b.S_INFO_WINDCODE \n",
    "WHERE\n",
    "\t1 = 1 \n",
    "\tAND b.TICKER_SYMBOL IN ( '399372', '399373', '399374', '399375', '399376', '399377' ) \n",
    "    and TRADE_DT >= '20220101'\n",
    "    UNION\n",
    "SELECT\n",
    "\ta.TRADE_DT,\n",
    "\ta.SEC_SHORT_NAME AS S_INFO_NAME,\n",
    "\ta.S_DQ_PCTCHANGE / 100 AS RETURN_RATE \n",
    "FROM\n",
    "\tbond_chinabondindexquote a \n",
    "WHERE\n",
    "\t1 = 1 \n",
    "\tAND a.TICKER_SYMBOL IN (\n",
    "\t\t'CBA05821',\n",
    "\t\t'CBA05831',\n",
    "\t\t'CBA05841',\n",
    "\t\t'CBA05851',\n",
    "\t\t'CBA05861',\n",
    "\t\t'CBA03511',\n",
    "\t\t'CBA03521',\n",
    "\t'CBA03531' \n",
    "\t)\n",
    "    and TRADE_DT >= '20220101'\n",
    "\"\"\"\n",
    "ret_df = DB_CONN_JJTG_DATA.exec_query(query_sql)\n",
    "ret_df = ret_df.pivot_table(index=\"TRADE_DT\", columns='S_INFO_NAME', values=\"RETURN_RATE\")"
   ]
  },
  {
   "cell_type": "code",
   "execution_count": 94,
   "metadata": {},
   "outputs": [
    {
     "data": {
      "text/html": [
       "<div>\n",
       "<style scoped>\n",
       "    .dataframe tbody tr th:only-of-type {\n",
       "        vertical-align: middle;\n",
       "    }\n",
       "\n",
       "    .dataframe tbody tr th {\n",
       "        vertical-align: top;\n",
       "    }\n",
       "\n",
       "    .dataframe thead th {\n",
       "        text-align: right;\n",
       "    }\n",
       "</style>\n",
       "<table border=\"1\" class=\"dataframe\">\n",
       "  <thead>\n",
       "    <tr style=\"text-align: right;\">\n",
       "      <th>S_INFO_NAME</th>\n",
       "      <th>中债-国债及政策性银行债指数_1-3年</th>\n",
       "      <th>中债-国债及政策性银行债指数_10年以上</th>\n",
       "      <th>中债-国债及政策性银行债指数_3-5年</th>\n",
       "      <th>中债-国债及政策性银行债指数_5-7年</th>\n",
       "      <th>中债-国债及政策性银行债指数_7-10年</th>\n",
       "      <th>中债-高信用等级企业债指数_1-3年</th>\n",
       "      <th>中债-高信用等级企业债指数_1年以下</th>\n",
       "      <th>中债-高信用等级企业债指数_3-5年</th>\n",
       "      <th>中盘价值</th>\n",
       "      <th>中盘成长</th>\n",
       "      <th>大盘价值</th>\n",
       "      <th>大盘成长</th>\n",
       "      <th>小盘价值</th>\n",
       "      <th>小盘成长</th>\n",
       "    </tr>\n",
       "    <tr>\n",
       "      <th>S_INFO_NAME</th>\n",
       "      <th></th>\n",
       "      <th></th>\n",
       "      <th></th>\n",
       "      <th></th>\n",
       "      <th></th>\n",
       "      <th></th>\n",
       "      <th></th>\n",
       "      <th></th>\n",
       "      <th></th>\n",
       "      <th></th>\n",
       "      <th></th>\n",
       "      <th></th>\n",
       "      <th></th>\n",
       "      <th></th>\n",
       "    </tr>\n",
       "  </thead>\n",
       "  <tbody>\n",
       "    <tr>\n",
       "      <th>中债-国债及政策性银行债指数_1-3年</th>\n",
       "      <td>1.000000</td>\n",
       "      <td>0.687944</td>\n",
       "      <td>0.908314</td>\n",
       "      <td>0.834284</td>\n",
       "      <td>0.776454</td>\n",
       "      <td>0.683468</td>\n",
       "      <td>0.570804</td>\n",
       "      <td>0.699997</td>\n",
       "      <td>-0.130210</td>\n",
       "      <td>-0.112208</td>\n",
       "      <td>-0.167616</td>\n",
       "      <td>-0.169945</td>\n",
       "      <td>-0.088222</td>\n",
       "      <td>-0.069985</td>\n",
       "    </tr>\n",
       "    <tr>\n",
       "      <th>中债-国债及政策性银行债指数_10年以上</th>\n",
       "      <td>0.687944</td>\n",
       "      <td>1.000000</td>\n",
       "      <td>0.830112</td>\n",
       "      <td>0.865944</td>\n",
       "      <td>0.892940</td>\n",
       "      <td>0.433575</td>\n",
       "      <td>0.283410</td>\n",
       "      <td>0.499966</td>\n",
       "      <td>-0.082096</td>\n",
       "      <td>-0.057289</td>\n",
       "      <td>-0.171443</td>\n",
       "      <td>-0.117768</td>\n",
       "      <td>-0.040525</td>\n",
       "      <td>-0.020140</td>\n",
       "    </tr>\n",
       "    <tr>\n",
       "      <th>中债-国债及政策性银行债指数_3-5年</th>\n",
       "      <td>0.908314</td>\n",
       "      <td>0.830112</td>\n",
       "      <td>1.000000</td>\n",
       "      <td>0.953198</td>\n",
       "      <td>0.925519</td>\n",
       "      <td>0.532939</td>\n",
       "      <td>0.381209</td>\n",
       "      <td>0.580692</td>\n",
       "      <td>-0.102042</td>\n",
       "      <td>-0.074279</td>\n",
       "      <td>-0.164457</td>\n",
       "      <td>-0.124042</td>\n",
       "      <td>-0.066149</td>\n",
       "      <td>-0.038266</td>\n",
       "    </tr>\n",
       "    <tr>\n",
       "      <th>中债-国债及政策性银行债指数_5-7年</th>\n",
       "      <td>0.834284</td>\n",
       "      <td>0.865944</td>\n",
       "      <td>0.953198</td>\n",
       "      <td>1.000000</td>\n",
       "      <td>0.952532</td>\n",
       "      <td>0.495138</td>\n",
       "      <td>0.353052</td>\n",
       "      <td>0.548905</td>\n",
       "      <td>-0.072027</td>\n",
       "      <td>-0.061735</td>\n",
       "      <td>-0.141690</td>\n",
       "      <td>-0.119917</td>\n",
       "      <td>-0.036798</td>\n",
       "      <td>-0.021374</td>\n",
       "    </tr>\n",
       "    <tr>\n",
       "      <th>中债-国债及政策性银行债指数_7-10年</th>\n",
       "      <td>0.776454</td>\n",
       "      <td>0.892940</td>\n",
       "      <td>0.925519</td>\n",
       "      <td>0.952532</td>\n",
       "      <td>1.000000</td>\n",
       "      <td>0.433921</td>\n",
       "      <td>0.293784</td>\n",
       "      <td>0.491921</td>\n",
       "      <td>-0.087406</td>\n",
       "      <td>-0.049855</td>\n",
       "      <td>-0.172633</td>\n",
       "      <td>-0.111931</td>\n",
       "      <td>-0.051265</td>\n",
       "      <td>-0.015523</td>\n",
       "    </tr>\n",
       "    <tr>\n",
       "      <th>中债-高信用等级企业债指数_1-3年</th>\n",
       "      <td>0.683468</td>\n",
       "      <td>0.433575</td>\n",
       "      <td>0.532939</td>\n",
       "      <td>0.495138</td>\n",
       "      <td>0.433921</td>\n",
       "      <td>1.000000</td>\n",
       "      <td>0.851275</td>\n",
       "      <td>0.966393</td>\n",
       "      <td>-0.041103</td>\n",
       "      <td>-0.050690</td>\n",
       "      <td>-0.077788</td>\n",
       "      <td>-0.113594</td>\n",
       "      <td>-0.020931</td>\n",
       "      <td>0.000787</td>\n",
       "    </tr>\n",
       "    <tr>\n",
       "      <th>中债-高信用等级企业债指数_1年以下</th>\n",
       "      <td>0.570804</td>\n",
       "      <td>0.283410</td>\n",
       "      <td>0.381209</td>\n",
       "      <td>0.353052</td>\n",
       "      <td>0.293784</td>\n",
       "      <td>0.851275</td>\n",
       "      <td>1.000000</td>\n",
       "      <td>0.808427</td>\n",
       "      <td>0.014607</td>\n",
       "      <td>0.014414</td>\n",
       "      <td>-0.032302</td>\n",
       "      <td>-0.076843</td>\n",
       "      <td>0.037466</td>\n",
       "      <td>0.068406</td>\n",
       "    </tr>\n",
       "    <tr>\n",
       "      <th>中债-高信用等级企业债指数_3-5年</th>\n",
       "      <td>0.699997</td>\n",
       "      <td>0.499966</td>\n",
       "      <td>0.580692</td>\n",
       "      <td>0.548905</td>\n",
       "      <td>0.491921</td>\n",
       "      <td>0.966393</td>\n",
       "      <td>0.808427</td>\n",
       "      <td>1.000000</td>\n",
       "      <td>-0.038144</td>\n",
       "      <td>-0.049077</td>\n",
       "      <td>-0.091329</td>\n",
       "      <td>-0.115784</td>\n",
       "      <td>-0.012347</td>\n",
       "      <td>0.008729</td>\n",
       "    </tr>\n",
       "    <tr>\n",
       "      <th>中盘价值</th>\n",
       "      <td>-0.130210</td>\n",
       "      <td>-0.082096</td>\n",
       "      <td>-0.102042</td>\n",
       "      <td>-0.072027</td>\n",
       "      <td>-0.087406</td>\n",
       "      <td>-0.041103</td>\n",
       "      <td>0.014607</td>\n",
       "      <td>-0.038144</td>\n",
       "      <td>1.000000</td>\n",
       "      <td>0.736279</td>\n",
       "      <td>0.795790</td>\n",
       "      <td>0.669208</td>\n",
       "      <td>0.945157</td>\n",
       "      <td>0.798241</td>\n",
       "    </tr>\n",
       "    <tr>\n",
       "      <th>中盘成长</th>\n",
       "      <td>-0.112208</td>\n",
       "      <td>-0.057289</td>\n",
       "      <td>-0.074279</td>\n",
       "      <td>-0.061735</td>\n",
       "      <td>-0.049855</td>\n",
       "      <td>-0.050690</td>\n",
       "      <td>0.014414</td>\n",
       "      <td>-0.049077</td>\n",
       "      <td>0.736279</td>\n",
       "      <td>1.000000</td>\n",
       "      <td>0.441869</td>\n",
       "      <td>0.910747</td>\n",
       "      <td>0.731061</td>\n",
       "      <td>0.926191</td>\n",
       "    </tr>\n",
       "    <tr>\n",
       "      <th>大盘价值</th>\n",
       "      <td>-0.167616</td>\n",
       "      <td>-0.171443</td>\n",
       "      <td>-0.164457</td>\n",
       "      <td>-0.141690</td>\n",
       "      <td>-0.172633</td>\n",
       "      <td>-0.077788</td>\n",
       "      <td>-0.032302</td>\n",
       "      <td>-0.091329</td>\n",
       "      <td>0.795790</td>\n",
       "      <td>0.441869</td>\n",
       "      <td>1.000000</td>\n",
       "      <td>0.503191</td>\n",
       "      <td>0.724234</td>\n",
       "      <td>0.453421</td>\n",
       "    </tr>\n",
       "    <tr>\n",
       "      <th>大盘成长</th>\n",
       "      <td>-0.169945</td>\n",
       "      <td>-0.117768</td>\n",
       "      <td>-0.124042</td>\n",
       "      <td>-0.119917</td>\n",
       "      <td>-0.111931</td>\n",
       "      <td>-0.113594</td>\n",
       "      <td>-0.076843</td>\n",
       "      <td>-0.115784</td>\n",
       "      <td>0.669208</td>\n",
       "      <td>0.910747</td>\n",
       "      <td>0.503191</td>\n",
       "      <td>1.000000</td>\n",
       "      <td>0.639713</td>\n",
       "      <td>0.802665</td>\n",
       "    </tr>\n",
       "    <tr>\n",
       "      <th>小盘价值</th>\n",
       "      <td>-0.088222</td>\n",
       "      <td>-0.040525</td>\n",
       "      <td>-0.066149</td>\n",
       "      <td>-0.036798</td>\n",
       "      <td>-0.051265</td>\n",
       "      <td>-0.020931</td>\n",
       "      <td>0.037466</td>\n",
       "      <td>-0.012347</td>\n",
       "      <td>0.945157</td>\n",
       "      <td>0.731061</td>\n",
       "      <td>0.724234</td>\n",
       "      <td>0.639713</td>\n",
       "      <td>1.000000</td>\n",
       "      <td>0.838391</td>\n",
       "    </tr>\n",
       "    <tr>\n",
       "      <th>小盘成长</th>\n",
       "      <td>-0.069985</td>\n",
       "      <td>-0.020140</td>\n",
       "      <td>-0.038266</td>\n",
       "      <td>-0.021374</td>\n",
       "      <td>-0.015523</td>\n",
       "      <td>0.000787</td>\n",
       "      <td>0.068406</td>\n",
       "      <td>0.008729</td>\n",
       "      <td>0.798241</td>\n",
       "      <td>0.926191</td>\n",
       "      <td>0.453421</td>\n",
       "      <td>0.802665</td>\n",
       "      <td>0.838391</td>\n",
       "      <td>1.000000</td>\n",
       "    </tr>\n",
       "  </tbody>\n",
       "</table>\n",
       "</div>"
      ],
      "text/plain": [
       "S_INFO_NAME           中债-国债及政策性银行债指数_1-3年  中债-国债及政策性银行债指数_10年以上  \\\n",
       "S_INFO_NAME                                                       \n",
       "中债-国债及政策性银行债指数_1-3年              1.000000              0.687944   \n",
       "中债-国债及政策性银行债指数_10年以上             0.687944              1.000000   \n",
       "中债-国债及政策性银行债指数_3-5年              0.908314              0.830112   \n",
       "中债-国债及政策性银行债指数_5-7年              0.834284              0.865944   \n",
       "中债-国债及政策性银行债指数_7-10年             0.776454              0.892940   \n",
       "中债-高信用等级企业债指数_1-3年               0.683468              0.433575   \n",
       "中债-高信用等级企业债指数_1年以下               0.570804              0.283410   \n",
       "中债-高信用等级企业债指数_3-5年               0.699997              0.499966   \n",
       "中盘价值                            -0.130210             -0.082096   \n",
       "中盘成长                            -0.112208             -0.057289   \n",
       "大盘价值                            -0.167616             -0.171443   \n",
       "大盘成长                            -0.169945             -0.117768   \n",
       "小盘价值                            -0.088222             -0.040525   \n",
       "小盘成长                            -0.069985             -0.020140   \n",
       "\n",
       "S_INFO_NAME           中债-国债及政策性银行债指数_3-5年  中债-国债及政策性银行债指数_5-7年  \\\n",
       "S_INFO_NAME                                                      \n",
       "中债-国债及政策性银行债指数_1-3年              0.908314             0.834284   \n",
       "中债-国债及政策性银行债指数_10年以上             0.830112             0.865944   \n",
       "中债-国债及政策性银行债指数_3-5年              1.000000             0.953198   \n",
       "中债-国债及政策性银行债指数_5-7年              0.953198             1.000000   \n",
       "中债-国债及政策性银行债指数_7-10年             0.925519             0.952532   \n",
       "中债-高信用等级企业债指数_1-3年               0.532939             0.495138   \n",
       "中债-高信用等级企业债指数_1年以下               0.381209             0.353052   \n",
       "中债-高信用等级企业债指数_3-5年               0.580692             0.548905   \n",
       "中盘价值                            -0.102042            -0.072027   \n",
       "中盘成长                            -0.074279            -0.061735   \n",
       "大盘价值                            -0.164457            -0.141690   \n",
       "大盘成长                            -0.124042            -0.119917   \n",
       "小盘价值                            -0.066149            -0.036798   \n",
       "小盘成长                            -0.038266            -0.021374   \n",
       "\n",
       "S_INFO_NAME           中债-国债及政策性银行债指数_7-10年  中债-高信用等级企业债指数_1-3年  \\\n",
       "S_INFO_NAME                                                      \n",
       "中债-国债及政策性银行债指数_1-3年               0.776454            0.683468   \n",
       "中债-国债及政策性银行债指数_10年以上              0.892940            0.433575   \n",
       "中债-国债及政策性银行债指数_3-5年               0.925519            0.532939   \n",
       "中债-国债及政策性银行债指数_5-7年               0.952532            0.495138   \n",
       "中债-国债及政策性银行债指数_7-10年              1.000000            0.433921   \n",
       "中债-高信用等级企业债指数_1-3年                0.433921            1.000000   \n",
       "中债-高信用等级企业债指数_1年以下                0.293784            0.851275   \n",
       "中债-高信用等级企业债指数_3-5年                0.491921            0.966393   \n",
       "中盘价值                             -0.087406           -0.041103   \n",
       "中盘成长                             -0.049855           -0.050690   \n",
       "大盘价值                             -0.172633           -0.077788   \n",
       "大盘成长                             -0.111931           -0.113594   \n",
       "小盘价值                             -0.051265           -0.020931   \n",
       "小盘成长                             -0.015523            0.000787   \n",
       "\n",
       "S_INFO_NAME           中债-高信用等级企业债指数_1年以下  中债-高信用等级企业债指数_3-5年      中盘价值  \\\n",
       "S_INFO_NAME                                                              \n",
       "中债-国债及政策性银行债指数_1-3年             0.570804            0.699997 -0.130210   \n",
       "中债-国债及政策性银行债指数_10年以上            0.283410            0.499966 -0.082096   \n",
       "中债-国债及政策性银行债指数_3-5年             0.381209            0.580692 -0.102042   \n",
       "中债-国债及政策性银行债指数_5-7年             0.353052            0.548905 -0.072027   \n",
       "中债-国债及政策性银行债指数_7-10年            0.293784            0.491921 -0.087406   \n",
       "中债-高信用等级企业债指数_1-3年              0.851275            0.966393 -0.041103   \n",
       "中债-高信用等级企业债指数_1年以下              1.000000            0.808427  0.014607   \n",
       "中债-高信用等级企业债指数_3-5年              0.808427            1.000000 -0.038144   \n",
       "中盘价值                            0.014607           -0.038144  1.000000   \n",
       "中盘成长                            0.014414           -0.049077  0.736279   \n",
       "大盘价值                           -0.032302           -0.091329  0.795790   \n",
       "大盘成长                           -0.076843           -0.115784  0.669208   \n",
       "小盘价值                            0.037466           -0.012347  0.945157   \n",
       "小盘成长                            0.068406            0.008729  0.798241   \n",
       "\n",
       "S_INFO_NAME               中盘成长      大盘价值      大盘成长      小盘价值      小盘成长  \n",
       "S_INFO_NAME                                                             \n",
       "中债-国债及政策性银行债指数_1-3年  -0.112208 -0.167616 -0.169945 -0.088222 -0.069985  \n",
       "中债-国债及政策性银行债指数_10年以上 -0.057289 -0.171443 -0.117768 -0.040525 -0.020140  \n",
       "中债-国债及政策性银行债指数_3-5年  -0.074279 -0.164457 -0.124042 -0.066149 -0.038266  \n",
       "中债-国债及政策性银行债指数_5-7年  -0.061735 -0.141690 -0.119917 -0.036798 -0.021374  \n",
       "中债-国债及政策性银行债指数_7-10年 -0.049855 -0.172633 -0.111931 -0.051265 -0.015523  \n",
       "中债-高信用等级企业债指数_1-3年   -0.050690 -0.077788 -0.113594 -0.020931  0.000787  \n",
       "中债-高信用等级企业债指数_1年以下    0.014414 -0.032302 -0.076843  0.037466  0.068406  \n",
       "中债-高信用等级企业债指数_3-5年   -0.049077 -0.091329 -0.115784 -0.012347  0.008729  \n",
       "中盘价值                  0.736279  0.795790  0.669208  0.945157  0.798241  \n",
       "中盘成长                  1.000000  0.441869  0.910747  0.731061  0.926191  \n",
       "大盘价值                  0.441869  1.000000  0.503191  0.724234  0.453421  \n",
       "大盘成长                  0.910747  0.503191  1.000000  0.639713  0.802665  \n",
       "小盘价值                  0.731061  0.724234  0.639713  1.000000  0.838391  \n",
       "小盘成长                  0.926191  0.453421  0.802665  0.838391  1.000000  "
      ]
     },
     "execution_count": 94,
     "metadata": {},
     "output_type": "execute_result"
    }
   ],
   "source": [
    "ret_df.dropna().corr()"
   ]
  },
  {
   "cell_type": "markdown",
   "metadata": {},
   "source": [
    "自动挡VS拼盘"
   ]
  },
  {
   "cell_type": "code",
   "execution_count": 181,
   "metadata": {},
   "outputs": [],
   "source": [
    "query_sql = \"\"\"\n",
    "SELECT\n",
    "\ta.END_DATE as TRADE_DT,\n",
    "\ta.TYPE_NAME as S_INFO_NAME,\n",
    "\ta.RETURN_RATE / 100 AS RETURN_RATE \n",
    "FROM\n",
    "\tfund_derivatives_inner_fund_ret a\n",
    "WHERE\n",
    "\t1 = 1 \n",
    "\tAND a.LEVEL_NUM = 3 \n",
    "\tAND a.TYPE_NAME IN ( \n",
    "'固收-中长债-信用债',\n",
    "'固收-中长债-利率债',\n",
    "'固收-短债-短债',\n",
    "\"主动权益-A股主题-无主题\"\n",
    ")\n",
    "and END_DATE >= '20150101'\n",
    "union \n",
    "SELECT\n",
    "\ta.END_DATE as TRADE_DT,\n",
    "\ta.TYPE_NAME as S_INFO_NAME,\n",
    "\ta.RETURN_RATE / 100 AS RETURN_RATE \n",
    "FROM\n",
    "\tfund_derivatives_inner_fund_ret a\n",
    "WHERE\n",
    "\t1 = 1 \n",
    "\tAND a.LEVEL_NUM = 2 \n",
    "\tAND a.TYPE_NAME IN ( \n",
    "    \"固收+-(05-15)\",\n",
    "    \"固收+-(15-25)\"\n",
    ")\n",
    "and END_DATE >= '20150101'\n",
    "\"\"\"\n",
    "ret_df = DB_CONN_JJTG_DATA.exec_query(query_sql)\n",
    "ret_df = ret_df.pivot_table(index=\"TRADE_DT\", columns='S_INFO_NAME', values=\"RETURN_RATE\")\n",
    "ret_df = ret_df.dropna()"
   ]
  },
  {
   "cell_type": "code",
   "execution_count": 182,
   "metadata": {},
   "outputs": [],
   "source": [
    "ret_df[\"拼盘05-15\"] = ret_df[\"主动权益-A股主题-无主题\"]*0.1 + ret_df[\"固收-中长债-信用债\"]*0.9\n",
    "ret_df[\"拼盘15-25\"] = ret_df[\"主动权益-A股主题-无主题\"]*0.2 + ret_df[\"固收-中长债-信用债\"]*0.8\n",
    "ret_df[\"多策略05-15\"] = ret_df[\"拼盘05-15\"]*0.7 + ret_df[\"固收+-(05-15)\"]*0.3\n",
    "ret_df[\"多策略15-25\"] = ret_df[\"拼盘15-25\"]*0.7 + ret_df[\"固收+-(15-25)\"]*0.3"
   ]
  },
  {
   "cell_type": "code",
   "execution_count": 175,
   "metadata": {},
   "outputs": [],
   "source": [
    "ret_df = (ret_df + 1).cumprod()"
   ]
  },
  {
   "cell_type": "code",
   "execution_count": 179,
   "metadata": {},
   "outputs": [],
   "source": [
    "ret_df.to_excel(\"D:/拼盘.xlsx\")"
   ]
  },
  {
   "cell_type": "code",
   "execution_count": 176,
   "metadata": {},
   "outputs": [],
   "source": [
    "result_list = []\n",
    "for col in ret_df.columns:\n",
    "    temp = Performance(ret_df[col]).stats().T\n",
    "    temp.index = [col]\n",
    "    result_list.append(temp)\n",
    "result = pd.concat(result_list)"
   ]
  },
  {
   "cell_type": "code",
   "execution_count": 177,
   "metadata": {},
   "outputs": [
    {
     "data": {
      "text/html": [
       "<div>\n",
       "<style scoped>\n",
       "    .dataframe tbody tr th:only-of-type {\n",
       "        vertical-align: middle;\n",
       "    }\n",
